1
65
64
63
70
69
68
67
87
86
85
93
92
91
90
89
88
152
151
161
160
173
172
171
170
182
181
180
179
178
288
287
286
285
284
283
282
290
289
288
123
122
121
293
292
291
296
295
294
293
196
195
248
247
246
245
250
249
248
194
193
192
191
190
189
188
187
186
347
348
349
350
351
352
353
354
355
356
357
409
408
407
406
405
412
411
410
409
358
359
360
361
362
413
414
415
416
417
418
419
420
421
422
413
395
394
400
399
401
402
403
427
426
425
424
423
435
434
433
432
431
430
429
428
427
404
401
398
397
396
395
363
364
365
366
347
329
328
344
343
346
345
344
319
318
317
316
315
322
321
320
319
115
114
113
112
333
334
335
336
337
338
339
383
382
381
380
379
378
377
384
383
374
373
372
371
370
389
388
387
386
385
393
392
391
390
389
369
368
367
376
375
374
262
261
260
259
258
257
256
255
254
253
252
251
269
268
267
266
265
264
263
262
214
213
221
220
219
218
217
216
215
214
340
341
342
333
305
304
303
302
301
300
299
298
297
308
307
306
305
111
110
109
108
107
106
105
104
119
118
117
116
224
223
222
225
224
115
33
32
31
30
29
58
57
56
55
54
53
62
61
60
59
58
50
49
48
47
46
45
44
43
83
82
81
80
79
78
77
76
75
74
73
72
71
84
83
42
41
52
51
50
13
12
11
10
9
8
7
6
5
4
3
2
15
14
13
21
20
19
18
17
16
26
25
24
23
22
21
28
27
40
39
38
37
36
35
34
33
327
326
325
324
323
332
331
330
329
231
230
229
228
227
226
235
234
233
232
231
96
95
94
103
102
101
100
99
237
236
244
243
242
241
240
239
238
237
98
163
162
169
168
167
166
165
200
199
206
205
204
203
202
201
200
164
163
143
144
145
146
147
148
149
150
143
97
96
185
184
183
198
197
196
277
276
281
280
279
278
277
140
139
310
309
314
313
312
311
310
211
210
209
208
207
212
211
138
137
136
135
142
141
140
133
132
272
271
270
275
274
273
272
131
130
129
128
127
126
134
133
120
125
124
123
177
176
175
174
173
159
158
157
156
155
154
153
152
87
66
65
