1 13 572.08
1 21 549.722
1 29 543.949
1 33 484.886
1 43 594.905
1 50 566.33
1 53 568.955
1 57 548.472
1 58 545.347
1 62 565.955
1 65 46.9125
1 67 60.5997
1 83 598.03
1 87 63.7866
1 88 69.9737
1 96 460.955
1 98 473.758
1 99 477.76
1 105 482.909
1 112 466.175
1 115 450.264
1 116 457.309
1 121 152.041
1 123 141.164
1 132 203.161
1 133 196.286
1 136 194.888
1 139 176.732
1 140 174.982
1 143 490.928
1 152 71.9502
1 160 89.539
1 163 475.155
1 165 477.113
1 169 489.53
1 173 90.4229
1 178 115.349
1 186 222.436
1 193 174.357
1 195 160.787
1 200 478.363
1 211 178.617
1 214 545.341
1 224 458.559
1 231 442.551
1 235 460.33
1 237 477.76
1 248 161.587
1 262 513.923
1 267 543.883
1 272 204.045
1 277 155.664
1 282 140.28
1 288 117.325
1 291 154.063
1 293 152.925
1 305 476.276
1 309 177.992
1 310 177.492
1 315 447.715
1 319 423.769
1 326 441.667
1 328 420.395
1 329 413.324
1 333 468.151
1 339 486.828
1 342 475.026
1 347 224.689
1 352 411.07
1 357 386.767
1 374 490.085
1 382 489.335
1 383 488.078
1 389 514.548
1 395 296.962
1 399 320.346
1 401 320.971
1 403 345.99
1 409 389.02
1 413 296.592
1 427 347.24
13 21 27.2335
13 29 28.1308
13 33 87.1943
13 43 35.0749
13 50 6.5
13 53 3.125
13 57 25.9835
13 58 26.7333
13 62 6.125
13 65 525.167
13 67 511.48
13 83 38.1999
13 87 508.293
13 88 502.106
13 96 192.245
13 98 205.049
13 99 209.05
13 105 89.1707
13 112 119.297
13 115 121.816
13 116 114.771
13 121 420.039
13 123 430.916
13 132 431.025
13 133 424.15
13 136 422.753
13 139 404.596
13 140 402.846
13 143 222.219
13 152 500.13
13 160 482.541
13 163 206.446
13 165 208.404
13 169 220.821
13 173 481.657
13 178 456.731
13 186 349.644
13 193 402.221
13 195 415.79
13 200 209.654
13 211 406.481
13 214 198.464
13 224 116.021
13 231 173.841
13 235 191.62
13 237 209.05
13 248 416.591
13 262 167.046
13 267 197.006
13 272 431.909
13 277 418.369
13 282 431.799
13 288 454.754
13 291 418.017
13 293 419.155
13 305 129.399
13 309 405.856
13 310 405.356
13 315 124.365
13 319 148.311
13 326 172.958
13 328 151.685
13 329 158.756
13 333 121.274
13 339 139.951
13 342 128.149
13 347 347.391
13 352 161.01
13 357 232.384
13 374 143.207
13 382 142.457
13 383 141.201
13 389 167.671
13 395 325.725
13 399 349.108
13 401 349.733
13 403 374.753
13 409 234.637
13 413 325.354
13 427 376.003
21 29 5.77254
21 33 64.836
21 43 53.9331
21 50 25.3583
21 53 24.1085
21 57 1.25
21 58 4.375
21 62 24.9833
21 65 502.809
21 67 489.122
21 83 57.0581
21 87 485.935
21 88 479.748
21 96 169.887
21 98 182.69
21 99 186.692
21 105 66.8124
21 112 96.9391
21 115 99.4574
21 116 92.4129
21 121 397.68
21 123 408.557
21 132 408.667
21 133 401.792
21 136 400.394
21 139 382.237
21 140 380.487
21 143 199.86
21 152 477.771
21 160 460.183
21 163 184.088
21 165 186.046
21 169 198.463
21 173 459.299
21 178 434.373
21 186 327.286
21 193 379.862
21 195 393.432
21 200 187.296
21 211 384.123
21 214 176.105
21 224 93.6629
21 231 151.483
21 235 169.262
21 237 186.692
21 248 394.232
21 262 144.688
21 267 174.648
21 272 409.551
21 277 396.01
21 282 409.441
21 288 432.396
21 291 395.659
21 293 396.796
21 305 107.041
21 309 383.498
21 310 382.998
21 315 102.007
21 319 125.953
21 326 150.599
21 328 129.327
21 329 136.398
21 333 98.9155
21 339 117.593
21 342 105.791
21 347 325.032
21 352 138.652
21 357 210.026
21 374 120.849
21 382 120.099
21 383 118.843
21 389 145.313
21 395 303.366
21 399 326.75
21 401 327.375
21 403 352.395
21 409 212.279
21 413 302.996
21 427 353.645
29 33 59.0635
29 43 50.9557
29 50 22.3808
29 53 25.0058
29 57 4.52254
29 58 1.39754
29 62 22.0058
29 65 497.037
29 67 483.349
29 83 54.0807
29 87 480.162
29 88 473.975
29 96 164.114
29 98 176.918
29 99 180.92
29 105 61.0399
29 112 91.1666
29 115 93.6849
29 116 86.6404
29 121 391.908
29 123 402.785
29 132 402.894
29 133 396.019
29 136 394.622
29 139 376.465
29 140 374.715
29 143 194.088
29 152 471.999
29 160 454.41
29 163 178.315
29 165 180.273
29 169 192.69
29 173 453.526
29 178 428.6
29 186 321.513
29 193 374.09
29 195 387.659
29 200 181.523
29 211 378.35
29 214 170.333
29 224 87.8904
29 231 145.711
29 235 163.489
29 237 180.92
29 248 388.46
29 262 138.915
29 267 168.875
29 272 403.778
29 277 390.238
29 282 403.669
29 288 426.624
29 291 389.886
29 293 391.024
29 305 101.268
29 309 377.725
29 310 377.225
29 315 96.2344
29 319 120.18
29 326 144.827
29 328 123.554
29 329 130.626
29 333 93.143
29 339 111.82
29 342 100.018
29 347 319.26
29 352 132.879
29 357 204.253
29 374 115.076
29 382 114.326
29 383 113.07
29 389 139.54
29 395 297.594
29 399 320.978
29 401 321.603
29 403 346.622
29 409 206.506
29 413 297.224
29 427 347.872
33 43 110.019
33 50 81.4443
33 53 84.0693
33 57 63.586
33 58 60.461
33 62 81.0693
33 65 437.973
33 67 424.286
33 83 113.144
33 87 421.099
33 88 414.912
33 96 105.051
33 98 117.854
33 99 121.856
33 105 1.97642
33 112 32.1031
33 115 34.6214
33 116 27.5769
33 121 332.844
33 123 343.721
33 132 343.831
33 133 336.956
33 136 335.558
33 139 317.401
33 140 315.651
33 143 135.024
33 152 412.935
33 160 395.347
33 163 119.252
33 165 121.21
33 169 133.627
33 173 394.463
33 178 369.536
33 186 262.45
33 193 315.026
33 195 328.596
33 200 122.46
33 211 319.287
33 214 111.269
33 224 28.8269
33 231 86.6471
33 235 104.426
33 237 121.856
33 248 329.396
33 262 79.8519
33 267 109.812
33 272 344.715
33 277 331.174
33 282 344.605
33 288 367.56
33 291 330.823
33 293 331.96
33 305 42.2045
33 309 318.662
33 310 318.162
33 315 37.1709
33 319 61.117
33 326 85.7633
33 328 64.491
33 329 71.562
33 333 34.0795
33 339 52.7568
33 342 40.9545
33 347 260.196
33 352 73.8155
33 357 145.19
33 374 56.013
33 382 55.263
33 383 54.0068
33 389 80.4769
33 395 238.53
33 399 261.914
33 401 262.539
33 403 287.559
33 409 147.443
33 413 238.16
33 427 288.809
43 50 28.5749
43 53 31.9499
43 57 52.6831
43 58 49.5581
43 62 28.9499
43 65 547.992
43 67 534.305
43 83 3.125
43 87 531.118
43 88 524.931
43 96 215.07
43 98 227.873
43 99 231.875
43 105 111.996
43 112 142.122
43 115 144.641
43 116 137.596
43 121 442.863
43 123 453.74
43 132 453.85
43 133 446.975
43 136 445.577
43 139 427.421
43 140 425.671
43 143 245.043
43 152 522.955
43 160 505.366
43 163 229.271
43 165 231.229
43 169 243.646
43 173 504.482
43 178 479.556
43 186 372.469
43 193 425.046
43 195 438.615
43 200 232.479
43 211 429.306
43 214 221.289
43 224 138.846
43 231 196.666
43 235 214.445
43 237 231.875
43 248 439.416
43 262 189.871
43 267 219.831
43 272 454.734
43 277 441.193
43 282 454.624
43 288 477.579
43 291 440.842
43 293 441.98
43 305 152.224
43 309 428.681
43 310 428.181
43 315 147.19
43 319 171.136
43 326 195.782
43 328 174.51
43 329 181.581
43 333 144.099
43 339 162.776
43 342 150.974
43 347 370.216
43 352 183.835
43 357 255.209
43 374 166.032
43 382 165.282
43 383 164.026
43 389 190.496
43 395 348.549
43 399 371.933
43 401 372.558
43 403 397.578
43 409 257.462
43 413 348.179
43 427 398.828
50 53 3.375
50 57 24.1083
50 58 20.9833
50 62 0.375
50 65 519.417
50 67 505.73
50 83 31.6999
50 87 502.543
50 88 496.356
50 96 186.495
50 98 199.299
50 99 203.3
50 105 83.4207
50 112 113.547
50 115 116.066
50 116 109.021
50 121 414.289
50 123 425.166
50 132 425.275
50 133 418.4
50 136 417.003
50 139 398.846
50 140 397.096
50 143 216.469
50 152 494.38
50 160 476.791
50 163 200.696
50 165 202.654
50 169 215.071
50 173 475.907
50 178 450.981
50 186 343.894
50 193 396.471
50 195 410.04
50 200 203.904
50 211 400.731
50 214 192.714
50 224 110.271
50 231 168.091
50 235 185.87
50 237 203.3
50 248 410.841
50 262 161.296
50 267 191.256
50 272 426.159
50 277 412.619
50 282 426.049
50 288 449.004
50 291 412.267
50 293 413.405
50 305 123.649
50 309 400.106
50 310 399.606
50 315 118.615
50 319 142.561
50 326 167.208
50 328 145.935
50 329 153.006
50 333 115.524
50 339 134.201
50 342 122.399
50 347 341.641
50 352 155.26
50 357 226.634
50 374 137.457
50 382 136.707
50 383 135.451
50 389 161.921
50 395 319.975
50 399 343.358
50 401 343.983
50 403 369.003
50 409 228.887
50 413 319.604
50 427 370.253
53 57 22.8585
53 58 23.6083
53 62 3
53 65 522.042
53 67 508.355
53 83 35.0749
53 87 505.168
53 88 498.981
53 96 189.12
53 98 201.924
53 99 205.925
53 105 86.0457
53 112 116.172
53 115 118.691
53 116 111.646
53 121 416.914
53 123 427.791
53 132 427.9
53 133 421.025
53 136 419.628
53 139 401.471
53 140 399.721
53 143 219.094
53 152 497.005
53 160 479.416
53 163 203.321
53 165 205.279
53 169 217.696
53 173 478.532
53 178 453.606
53 186 346.519
53 193 399.096
53 195 412.665
53 200 206.529
53 211 403.356
53 214 195.339
53 224 112.896
53 231 170.716
53 235 188.495
53 237 205.925
53 248 413.466
53 262 163.921
53 267 193.881
53 272 428.784
53 277 415.244
53 282 428.674
53 288 451.629
53 291 414.892
53 293 416.03
53 305 126.274
53 309 402.731
53 310 402.231
53 315 121.24
53 319 145.186
53 326 169.833
53 328 148.56
53 329 155.631
53 333 118.149
53 339 136.826
53 342 125.024
53 347 344.266
53 352 157.885
53 357 229.259
53 374 140.082
53 382 139.332
53 383 138.076
53 389 164.546
53 395 322.6
53 399 345.983
53 401 346.608
53 403 371.628
53 409 231.512
53 413 322.229
53 427 372.878
57 58 3.125
57 62 23.7333
57 65 501.559
57 67 487.872
57 83 55.8081
57 87 484.685
57 88 478.498
57 96 168.637
57 98 181.44
57 99 185.442
57 105 65.5624
57 112 95.6891
57 115 98.2074
57 116 91.1629
57 121 396.43
57 123 407.307
57 132 407.417
57 133 400.542
57 136 399.144
57 139 380.987
57 140 379.237
57 143 198.61
57 152 476.521
57 160 458.933
57 163 182.838
57 165 184.796
57 169 197.213
57 173 458.049
57 178 433.123
57 186 326.036
57 193 378.612
57 195 392.182
57 200 186.046
57 211 382.873
57 214 174.855
57 224 92.4129
57 231 150.233
57 235 168.012
57 237 185.442
57 248 392.982
57 262 143.438
57 267 173.398
57 272 408.301
57 277 394.76
57 282 408.191
57 288 431.146
57 291 394.409
57 293 395.546
57 305 105.791
57 309 382.248
57 310 381.748
57 315 100.757
57 319 124.703
57 326 149.349
57 328 128.077
57 329 135.148
57 333 97.6655
57 339 116.343
57 342 104.541
57 347 323.782
57 352 137.402
57 357 208.776
57 374 119.599
57 382 118.849
57 383 117.593
57 389 144.063
57 395 302.116
57 399 325.5
57 401 326.125
57 403 351.145
57 409 211.029
57 413 301.746
57 427 352.395
58 62 20.6083
58 65 498.434
58 67 484.747
58 83 52.6831
58 87 481.56
58 88 475.373
58 96 165.512
58 98 178.315
58 99 182.317
58 105 62.4374
58 112 92.5641
58 115 95.0824
58 116 88.0379
58 121 393.305
58 123 404.182
58 132 404.292
58 133 397.417
58 136 396.019
58 139 377.862
58 140 376.112
58 143 195.485
58 152 473.396
58 160 455.808
58 163 179.713
58 165 181.671
58 169 194.088
58 173 454.924
58 178 429.998
58 186 322.911
58 193 375.487
58 195 389.057
58 200 182.921
58 211 379.748
58 214 171.73
58 224 89.2879
58 231 147.108
58 235 164.887
58 237 182.317
58 248 389.857
58 262 140.313
58 267 170.273
58 272 405.176
58 277 391.635
58 282 405.066
58 288 428.021
58 291 391.284
58 293 392.421
58 305 102.666
58 309 379.123
58 310 378.623
58 315 97.632
58 319 121.578
58 326 146.224
58 328 124.952
58 329 132.023
58 333 94.5405
58 339 113.218
58 342 101.416
58 347 320.657
58 352 134.277
58 357 205.651
58 374 116.474
58 382 115.724
58 383 114.468
58 389 140.938
58 395 298.991
58 399 322.375
58 401 323
58 403 348.02
58 409 207.904
58 413 298.621
58 427 349.27
62 65 519.042
62 67 505.355
62 83 32.0749
62 87 502.168
62 88 495.981
62 96 186.12
62 98 198.924
62 99 202.925
62 105 83.0457
62 112 113.172
62 115 115.691
62 116 108.646
62 121 413.914
62 123 424.791
62 132 424.9
62 133 418.025
62 136 416.628
62 139 398.471
62 140 396.721
62 143 216.094
62 152 494.005
62 160 476.416
62 163 200.321
62 165 202.279
62 169 214.696
62 173 475.532
62 178 450.606
62 186 343.519
62 193 396.096
62 195 409.665
62 200 203.529
62 211 400.356
62 214 192.339
62 224 109.896
62 231 167.716
62 235 185.495
62 237 202.925
62 248 410.466
62 262 160.921
62 267 190.881
62 272 425.784
62 277 412.244
62 282 425.674
62 288 448.629
62 291 411.892
62 293 413.03
62 305 123.274
62 309 399.731
62 310 399.231
62 315 118.24
62 319 142.186
62 326 166.833
62 328 145.56
62 329 152.631
62 333 115.149
62 339 133.826
62 342 122.024
62 347 341.266
62 352 154.885
62 357 226.259
62 374 137.082
62 382 136.332
62 383 135.076
62 389 161.546
62 395 319.6
62 399 342.983
62 401 343.608
62 403 368.628
62 409 228.512
62 413 319.229
62 427 369.878
65 67 13.6872
65 83 551.117
65 87 16.8741
65 88 23.0613
65 96 414.042
65 98 426.845
65 99 430.847
65 105 435.997
65 112 419.262
65 115 403.352
65 116 410.396
65 121 105.129
65 123 94.2518
65 132 156.249
65 133 149.374
65 136 147.976
65 139 129.819
65 140 128.069
65 143 444.015
65 152 25.0377
65 160 42.6265
65 163 428.243
65 165 430.201
65 169 442.618
65 173 43.5104
65 178 68.4366
65 186 175.523
65 193 127.444
65 195 113.874
65 200 431.451
65 211 131.704
65 214 498.428
65 224 411.646
65 231 395.638
65 235 413.417
65 237 430.847
65 248 114.675
65 262 467.011
65 267 496.971
65 272 157.132
65 277 108.751
65 282 93.368
65 288 70.413
65 291 107.15
65 293 106.013
65 305 429.364
65 309 131.079
65 310 130.579
65 315 400.802
65 319 376.856
65 326 394.754
65 328 373.482
65 329 366.411
65 333 421.239
65 339 439.916
65 342 428.114
65 347 177.777
65 352 364.158
65 357 339.855
65 374 443.172
65 382 442.422
65 383 441.166
65 389 467.636
65 395 250.049
65 399 273.433
65 401 274.058
65 403 299.078
65 409 342.108
65 413 249.679
65 427 300.328
67 83 537.43
67 87 3.18689
67 88 9.37407
67 96 400.355
67 98 413.158
67 99 417.16
67 105 422.309
67 112 405.575
67 115 389.664
67 116 396.709
67 121 91.4416
67 123 80.5647
67 132 142.561
67 133 135.686
67 136 134.289
67 139 116.132
67 140 114.382
67 143 430.328
67 152 11.3505
67 160 28.9393
67 163 414.556
67 165 416.513
67 169 428.931
67 173 29.8232
67 178 54.7494
67 186 161.836
67 193 113.757
67 195 100.187
67 200 417.763
67 211 118.017
67 214 484.741
67 224 397.959
67 231 381.951
67 235 399.73
67 237 417.16
67 248 100.988
67 262 453.324
67 267 483.284
67 272 143.445
67 277 95.0642
67 282 79.6808
67 288 56.7258
67 291 93.4629
67 293 92.3255
67 305 415.676
67 309 117.392
67 310 116.892
67 315 387.115
67 319 363.169
67 326 381.067
67 328 359.795
67 329 352.724
67 333 407.551
67 339 426.229
67 342 414.426
67 347 164.089
67 352 350.47
67 357 326.167
67 374 429.485
67 382 428.735
67 383 427.479
67 389 453.949
67 395 236.362
67 399 259.746
67 401 260.371
67 403 285.39
67 409 328.421
67 413 235.992
67 427 286.64
83 87 534.243
83 88 528.056
83 96 218.195
83 98 230.998
83 99 235
83 105 115.121
83 112 145.247
83 115 147.766
83 116 140.721
83 121 445.988
83 123 456.865
83 132 456.975
83 133 450.1
83 136 448.702
83 139 430.546
83 140 428.796
83 143 248.168
83 152 526.08
83 160 508.491
83 163 232.396
83 165 234.354
83 169 246.771
83 173 507.607
83 178 482.681
83 186 375.594
83 193 428.171
83 195 441.74
83 200 235.604
83 211 432.431
83 214 224.414
83 224 141.971
83 231 199.791
83 235 217.57
83 237 235
83 248 442.541
83 262 192.996
83 267 222.956
83 272 457.859
83 277 444.318
83 282 457.749
83 288 480.704
83 291 443.967
83 293 445.105
83 305 155.349
83 309 431.806
83 310 431.306
83 315 150.315
83 319 174.261
83 326 198.907
83 328 177.635
83 329 184.706
83 333 147.224
83 339 165.901
83 342 154.099
83 347 373.341
83 352 186.96
83 357 258.334
83 374 169.157
83 382 168.407
83 383 167.151
83 389 193.621
83 395 351.674
83 399 375.058
83 401 375.683
83 403 400.703
83 409 260.587
83 413 351.304
83 427 401.953
87 88 6.18718
87 96 397.168
87 98 409.971
87 99 413.973
87 105 419.123
87 112 402.388
87 115 386.478
87 116 393.522
87 121 88.2547
87 123 77.3778
87 132 139.374
87 133 132.499
87 136 131.102
87 139 112.945
87 140 111.195
87 143 427.141
87 152 8.16361
87 160 25.7524
87 163 411.369
87 165 413.327
87 169 425.744
87 173 26.6363
87 178 51.5625
87 186 158.649
87 193 110.57
87 195 97.0004
87 200 414.577
87 211 114.83
87 214 481.554
87 224 394.772
87 231 378.764
87 235 396.543
87 237 413.973
87 248 97.8008
87 262 450.137
87 267 480.097
87 272 140.258
87 277 91.8773
87 282 76.4939
87 288 53.5389
87 291 90.276
87 293 89.1386
87 305 412.49
87 309 114.205
87 310 113.705
87 315 383.928
87 319 359.982
87 326 377.88
87 328 356.608
87 329 349.537
87 333 404.365
87 339 423.042
87 342 411.24
87 347 160.903
87 352 347.284
87 357 322.98
87 374 426.298
87 382 425.548
87 383 424.292
87 389 450.762
87 395 233.175
87 399 256.559
87 401 257.184
87 403 282.204
87 409 325.234
87 413 232.805
87 427 283.454
88 96 390.981
88 98 403.784
88 99 407.786
88 105 412.935
88 112 396.201
88 115 380.29
88 116 387.335
88 121 82.0675
88 123 71.1906
88 132 133.187
88 133 126.312
88 136 124.915
88 139 106.758
88 140 105.008
88 143 420.954
88 152 1.97642
88 160 19.5653
88 163 405.182
88 165 407.139
88 169 419.557
88 173 20.4491
88 178 45.3753
88 186 152.462
88 193 104.383
88 195 90.8132
88 200 408.389
88 211 108.643
88 214 475.367
88 224 388.585
88 231 372.577
88 235 390.356
88 237 407.786
88 248 91.6136
88 262 443.95
88 267 473.909
88 272 134.071
88 277 85.6901
88 282 70.3067
88 288 47.3518
88 291 84.0888
88 293 82.9514
88 305 406.302
88 309 108.018
88 310 107.518
88 315 377.741
88 319 353.795
88 326 371.693
88 328 350.421
88 329 343.35
88 333 398.177
88 339 416.855
88 342 405.052
88 347 154.715
88 352 341.096
88 357 316.793
88 374 420.111
88 382 419.361
88 383 418.105
88 389 444.575
88 395 226.988
88 399 250.372
88 401 250.997
88 403 276.016
88 409 319.047
88 413 226.618
88 427 277.266
96 98 12.8033
96 99 16.8053
96 105 103.075
96 112 86.3401
96 115 70.4295
96 116 77.474
96 121 308.913
96 123 319.79
96 132 319.9
96 133 313.025
96 136 311.627
96 139 293.47
96 140 291.72
96 143 29.9734
96 152 389.004
96 160 371.416
96 163 14.2008
96 165 16.1586
96 169 28.5758
96 173 370.532
96 178 345.606
96 186 238.519
96 193 291.095
96 195 304.665
96 200 17.4086
96 211 295.356
96 214 165.506
96 224 78.724
96 231 18.4038
96 235 0.625
96 237 16.8053
96 248 305.465
96 262 134.089
96 267 164.049
96 272 320.784
96 277 307.243
96 282 320.674
96 288 343.629
96 291 306.892
96 293 308.029
96 305 96.4415
96 309 294.731
96 310 294.231
96 315 67.88
96 319 43.9339
96 326 19.2877
96 328 40.56
96 329 47.6311
96 333 88.3165
96 339 106.994
96 342 95.1915
96 347 236.265
96 352 49.8845
96 357 121.259
96 374 110.25
96 382 109.5
96 383 108.244
96 389 134.714
96 395 214.599
96 399 237.983
96 401 238.608
96 403 263.628
96 409 123.512
96 413 214.229
96 427 264.878
98 99 4.00195
98 105 115.878
98 112 99.1434
98 115 83.2328
98 116 90.2773
98 121 321.717
98 123 332.594
98 132 332.703
98 133 325.828
98 136 324.431
98 139 306.274
98 140 304.524
98 143 17.1701
98 152 401.808
98 160 384.219
98 163 1.39754
98 165 3.35528
98 169 15.7725
98 173 383.335
98 178 358.409
98 186 251.322
98 193 303.899
98 195 317.468
98 200 4.60528
98 211 308.159
98 214 178.31
98 224 91.5273
98 231 31.2071
98 235 13.4283
98 237 4.00195
98 248 318.269
98 262 146.892
98 267 176.852
98 272 333.587
98 277 320.047
98 282 333.477
98 288 356.432
98 291 319.695
98 293 320.833
98 305 109.245
98 309 307.534
98 310 307.034
98 315 80.6833
98 319 56.7372
98 326 32.091
98 328 53.3633
98 329 60.4344
98 333 101.12
98 339 119.797
98 342 107.995
98 347 249.069
98 352 62.6878
98 357 134.062
98 374 123.053
98 382 122.303
98 383 121.047
98 389 147.517
98 395 227.403
98 399 250.787
98 401 251.412
98 403 276.431
98 409 136.315
98 413 227.032
98 427 277.681
99 105 119.88
99 112 103.145
99 115 87.2348
99 116 94.2793
99 121 325.719
99 123 336.596
99 132 336.705
99 133 329.83
99 136 328.433
99 139 310.276
99 140 308.526
99 143 21.172
99 152 405.81
99 160 388.221
99 163 5.3995
99 165 7.35723
99 169 19.7745
99 173 387.337
99 178 362.411
99 186 255.324
99 193 307.901
99 195 321.47
99 200 8.60723
99 211 312.161
99 214 182.312
99 224 95.5293
99 231 35.2091
99 235 17.4303
99 237 0
99 248 322.271
99 262 150.894
99 267 180.854
99 272 337.589
99 277 324.049
99 282 337.479
99 288 360.434
99 291 323.697
99 293 324.835
99 305 113.247
99 309 311.536
99 310 311.036
99 315 84.6853
99 319 60.7392
99 326 36.0929
99 328 57.3652
99 329 64.4363
99 333 105.122
99 339 123.799
99 342 111.997
99 347 253.071
99 352 66.6898
99 357 138.064
99 374 127.055
99 382 126.305
99 383 125.049
99 389 151.519
99 395 231.405
99 399 254.788
99 401 255.413
99 403 280.433
99 409 140.317
99 413 231.034
99 427 281.683
105 112 30.1267
105 115 32.645
105 116 25.6005
105 121 330.868
105 123 341.745
105 132 341.854
105 133 334.979
105 136 333.582
105 139 315.425
105 140 313.675
105 143 133.048
105 152 410.959
105 160 393.37
105 163 117.275
105 165 119.233
105 169 131.65
105 173 392.486
105 178 367.56
105 186 260.473
105 193 313.05
105 195 326.62
105 200 120.483
105 211 317.31
105 214 109.293
105 224 26.8505
105 231 84.6707
105 235 102.45
105 237 119.88
105 248 327.42
105 262 77.8754
105 267 107.835
105 272 342.738
105 277 329.198
105 282 342.629
105 288 365.584
105 291 328.847
105 293 329.984
105 305 40.2281
105 309 316.685
105 310 316.185
105 315 35.1945
105 319 59.1406
105 326 83.7868
105 328 62.5145
105 329 69.5856
105 333 32.1031
105 339 50.7804
105 342 38.9781
105 347 258.22
105 352 71.8391
105 357 143.213
105 374 54.0366
105 382 53.2866
105 383 52.0304
105 389 78.5004
105 395 236.554
105 399 259.938
105 401 260.563
105 403 285.582
105 409 145.467
105 413 236.184
105 427 286.832
112 115 15.9105
112 116 22.955
112 121 314.133
112 123 325.01
112 132 325.12
112 133 318.245
112 136 316.847
112 139 298.69
112 140 296.94
112 143 116.313
112 152 394.225
112 160 376.636
112 163 100.541
112 165 102.499
112 169 114.916
112 173 375.752
112 178 350.826
112 186 243.739
112 193 296.315
112 195 309.885
112 200 103.749
112 211 300.576
112 214 79.1663
112 224 24.205
112 231 67.9363
112 235 85.7151
112 237 103.145
112 248 310.685
112 262 47.7488
112 267 77.7086
112 272 326.004
112 277 312.463
112 282 325.894
112 288 348.849
112 291 312.112
112 293 313.25
112 305 10.1014
112 309 299.951
112 310 299.451
112 315 18.46
112 319 42.4061
112 326 67.0524
112 328 45.7801
112 329 52.8511
112 333 1.97642
112 339 20.6537
112 342 8.85142
112 347 241.486
112 352 55.1046
112 357 126.479
112 374 23.9099
112 382 23.1599
112 383 21.9037
112 389 48.3738
112 395 219.819
112 399 243.203
112 401 243.828
112 403 268.848
112 409 128.732
112 413 219.449
112 427 270.098
115 116 7.0445
115 121 298.223
115 123 309.1
115 132 309.209
115 133 302.334
115 136 300.937
115 139 282.78
115 140 281.03
115 143 100.403
115 152 378.314
115 160 360.725
115 163 84.6304
115 165 86.5881
115 169 99.0054
115 173 359.841
115 178 334.915
115 186 227.828
115 193 280.405
115 195 293.975
115 200 87.8381
115 211 284.665
115 214 95.0768
115 224 8.2945
115 231 52.0257
115 235 69.8045
115 237 87.2348
115 248 294.775
115 262 63.6593
115 267 93.6191
115 272 310.093
115 277 296.553
115 282 309.984
115 288 332.939
115 291 296.202
115 293 297.339
115 305 26.012
115 309 284.04
115 310 283.54
115 315 2.54951
115 319 26.4956
115 326 51.1418
115 328 29.8695
115 329 36.9406
115 333 17.887
115 339 36.5642
115 342 24.762
115 347 225.575
115 352 39.1941
115 357 110.568
115 374 39.8205
115 382 39.0705
115 383 37.8142
115 389 64.2843
115 395 203.909
115 399 227.293
115 401 227.918
115 403 252.937
115 409 112.822
115 413 203.539
115 427 254.187
116 121 305.267
116 123 316.144
116 132 316.254
116 133 309.379
116 136 307.981
116 139 289.824
116 140 288.074
116 143 107.447
116 152 385.358
116 160 367.77
116 163 91.6749
116 165 93.6326
116 169 106.05
116 173 366.886
116 178 341.96
116 186 234.873
116 193 287.449
116 195 301.019
116 200 94.8826
116 211 291.71
116 214 102.121
116 224 1.25
116 231 59.0702
116 235 76.849
116 237 94.2793
116 248 301.819
116 262 70.7038
116 267 100.664
116 272 317.138
116 277 303.597
116 282 317.028
116 288 339.983
116 291 303.246
116 293 304.383
116 305 33.0565
116 309 291.085
116 310 290.585
116 315 9.59401
116 319 33.5401
116 326 58.1863
116 328 36.914
116 329 43.9851
116 333 24.9315
116 339 43.6087
116 342 31.8065
116 347 232.62
116 352 46.2386
116 357 117.613
116 374 46.865
116 382 46.115
116 383 44.8587
116 389 71.3288
116 395 210.953
116 399 234.337
116 401 234.962
116 403 259.982
116 409 119.866
116 413 210.583
116 427 261.232
121 123 10.877
121 132 51.1197
121 133 44.2447
121 136 42.8472
121 139 24.6903
121 140 22.9403
121 143 338.887
121 152 80.0911
121 160 62.5023
121 163 323.114
121 165 325.072
121 169 337.489
121 173 61.6184
121 178 36.6922
121 186 70.3944
121 193 22.3153
121 195 8.7457
121 200 326.322
121 211 26.5756
121 214 393.3
121 224 306.517
121 231 290.509
121 235 308.288
121 237 325.719
121 248 9.54609
121 262 361.882
121 267 391.842
121 272 52.0036
121 277 3.62254
121 282 11.7608
121 288 34.7158
121 291 2.02126
121 293 0.883883
121 305 324.235
121 309 25.9506
121 310 25.4506
121 315 295.673
121 319 271.727
121 326 289.626
121 328 268.353
121 329 261.282
121 333 316.11
121 339 334.787
121 342 322.985
121 347 72.6478
121 352 259.029
121 357 234.726
121 374 338.043
121 382 337.293
121 383 336.037
121 389 362.507
121 395 144.92
121 399 168.304
121 401 168.929
121 403 193.949
121 409 236.979
121 413 144.55
121 427 195.199
123 132 61.9967
123 133 55.1217
123 136 53.7241
123 139 35.5672
123 140 33.8172
123 143 349.764
123 152 69.2142
123 160 51.6253
123 163 333.991
123 165 335.949
123 169 348.366
123 173 50.7415
123 178 25.8153
123 186 81.2713
123 193 33.1922
123 195 19.6227
123 200 337.199
123 211 37.4526
123 214 404.177
123 224 317.394
123 231 301.386
123 235 319.165
123 237 336.596
123 248 20.423
123 262 372.759
123 267 402.719
123 272 62.8806
123 277 14.4995
123 282 0.883883
123 288 23.8388
123 291 12.8982
123 293 11.7608
123 305 335.112
123 309 36.8276
123 310 36.3276
123 315 306.55
123 319 282.604
123 326 300.503
123 328 279.23
123 329 272.159
123 333 326.987
123 339 345.664
123 342 333.862
123 347 83.5248
123 352 269.906
123 357 245.603
123 374 348.92
123 382 348.17
123 383 346.914
123 389 373.384
123 395 155.797
123 399 179.181
123 401 179.806
123 403 204.826
123 409 247.856
123 413 155.427
123 427 206.076
132 133 6.875
132 136 8.27254
132 139 26.4294
132 140 28.1794
132 143 349.873
132 152 131.211
132 160 113.622
132 163 334.101
132 165 336.058
132 169 348.476
132 173 112.738
132 178 87.8119
132 186 81.3809
132 193 28.8044
132 195 42.374
132 200 337.308
132 211 28.3148
132 214 404.286
132 224 317.504
132 231 301.496
132 235 319.275
132 237 336.705
132 248 43.1744
132 262 372.869
132 267 402.828
132 272 0.883883
132 277 49.4497
132 282 62.8806
132 288 85.8355
132 291 49.0985
132 293 50.2358
132 305 335.221
132 309 27.6898
132 310 27.1898
132 315 306.66
132 319 282.714
132 326 300.612
132 328 279.34
132 329 272.269
132 333 327.096
132 339 345.774
132 342 333.971
132 347 83.6344
132 352 270.015
132 357 245.712
132 374 349.03
132 382 348.28
132 383 347.024
132 389 373.494
132 395 155.907
132 399 179.291
132 401 179.916
132 403 204.935
132 409 247.966
132 413 155.537
132 427 206.185
133 136 1.39754
133 139 19.5544
133 140 21.3044
133 143 342.998
133 152 124.336
133 160 106.747
133 163 327.226
133 165 329.183
133 169 341.601
133 173 105.863
133 178 80.9369
133 186 74.5059
133 193 21.9294
133 195 35.499
133 200 330.433
133 211 21.4398
133 214 397.411
133 224 310.629
133 231 294.621
133 235 312.4
133 237 329.83
133 248 36.2994
133 262 365.994
133 267 395.953
133 272 7.75888
133 277 42.5747
133 282 56.0056
133 288 78.9605
133 291 42.2235
133 293 43.3608
133 305 328.346
133 309 20.8148
133 310 20.3148
133 315 299.785
133 319 275.839
133 326 293.737
133 328 272.465
133 329 265.394
133 333 320.221
133 339 338.899
133 342 327.096
133 347 76.7594
133 352 263.14
133 357 238.837
133 374 342.155
133 382 341.405
133 383 340.149
133 389 366.619
133 395 149.032
133 399 172.416
133 401 173.041
133 403 198.06
133 409 241.091
133 413 148.662
133 427 199.31
136 139 18.1569
136 140 19.9069
136 143 341.601
136 152 122.938
136 160 105.349
136 163 325.828
136 165 327.786
136 169 340.203
136 173 104.466
136 178 79.5394
136 186 73.1083
136 193 20.5319
136 195 34.1015
136 200 329.036
136 211 20.0422
136 214 396.014
136 224 309.231
136 231 293.223
136 235 311.002
136 237 328.433
136 248 34.9019
136 262 364.596
136 267 394.556
136 272 9.15643
136 277 41.1772
136 282 54.608
136 288 77.563
136 291 40.8259
136 293 41.9633
136 305 326.949
136 309 19.4172
136 310 18.9172
136 315 298.387
136 319 274.441
136 326 292.34
136 328 271.067
136 329 263.996
136 333 318.824
136 339 337.501
136 342 325.699
136 347 75.3618
136 352 261.743
136 357 237.44
136 374 340.757
136 382 340.007
136 383 338.751
136 389 365.221
136 395 147.634
136 399 171.018
136 401 171.643
136 403 196.663
136 409 239.693
136 413 147.264
136 427 197.913
139 140 1.75
139 143 323.444
139 152 104.781
139 160 87.1926
139 163 307.671
139 165 309.629
139 169 322.046
139 173 86.3087
139 178 61.3825
139 186 54.9514
139 193 2.375
139 195 15.9446
139 200 310.879
139 211 1.88535
139 214 377.857
139 224 291.074
139 231 275.067
139 235 292.845
139 237 310.276
139 248 16.745
139 262 346.439
139 267 376.399
139 272 27.3133
139 277 23.0203
139 282 36.4511
139 288 59.4061
139 291 22.669
139 293 23.8064
139 305 308.792
139 309 1.26035
139 310 0.760345
139 315 280.23
139 319 256.284
139 326 274.183
139 328 252.91
139 329 245.839
139 333 300.667
139 339 319.344
139 342 307.542
139 347 57.2049
139 352 243.586
139 357 219.283
139 374 322.6
139 382 321.85
139 383 320.594
139 389 347.064
139 395 129.478
139 399 152.861
139 401 153.486
139 403 178.506
139 409 221.536
139 413 129.107
139 427 179.756
140 143 321.694
140 152 103.031
140 160 85.4426
140 163 305.921
140 165 307.879
140 169 320.296
140 173 84.5587
140 178 59.6325
140 186 53.2014
140 193 0.625
140 195 14.1946
140 200 309.129
140 211 3.63535
140 214 376.107
140 224 289.324
140 231 273.317
140 235 291.095
140 237 308.526
140 248 14.995
140 262 344.689
140 267 374.649
140 272 29.0633
140 277 21.2703
140 282 34.7011
140 288 57.6561
140 291 20.919
140 293 22.0564
140 305 307.042
140 309 3.01035
140 310 2.51035
140 315 278.48
140 319 254.534
140 326 272.433
140 328 251.16
140 329 244.089
140 333 298.917
140 339 317.594
140 342 305.792
140 347 55.4549
140 352 241.836
140 357 217.533
140 374 320.85
140 382 320.1
140 383 318.844
140 389 345.314
140 395 127.728
140 399 151.111
140 401 151.736
140 403 176.756
140 409 219.786
140 413 127.357
140 427 178.006
143 152 418.978
143 160 401.389
143 163 15.7725
143 165 17.7303
143 169 1.39754
143 173 400.505
143 178 375.579
143 186 268.492
143 193 321.069
143 195 334.638
143 200 18.9803
143 211 325.329
143 214 195.48
143 224 108.697
143 231 48.3772
143 235 30.5984
143 237 21.172
143 248 335.439
143 262 164.062
143 267 194.022
143 272 350.757
143 277 337.217
143 282 350.648
143 288 373.602
143 291 336.865
143 293 338.003
143 305 126.415
143 309 324.704
143 310 324.204
143 315 97.8534
143 319 73.9073
143 326 49.2611
143 328 70.5334
143 329 77.6044
143 333 118.29
143 339 136.967
143 342 125.165
143 347 266.239
143 352 79.8579
143 357 151.232
143 374 140.223
143 382 139.473
143 383 138.217
143 389 164.687
143 395 244.573
143 399 267.957
143 401 268.582
143 403 293.601
143 409 153.485
143 413 244.202
143 427 294.851
152 160 17.5888
152 163 403.205
152 165 405.163
152 169 417.58
152 173 18.4727
152 178 43.3989
152 186 150.485
152 193 102.406
152 195 88.8368
152 200 406.413
152 211 106.667
152 214 473.391
152 224 386.608
152 231 370.601
152 235 388.379
152 237 405.81
152 248 89.6372
152 262 441.973
152 267 471.933
152 272 132.095
152 277 83.7137
152 282 68.3303
152 288 45.3753
152 291 82.1124
152 293 80.975
152 305 404.326
152 309 106.042
152 310 105.542
152 315 375.764
152 319 351.818
152 326 369.717
152 328 348.444
152 329 341.373
152 333 396.201
152 339 414.878
152 342 403.076
152 347 152.739
152 352 339.12
152 357 314.817
152 374 418.134
152 382 417.384
152 383 416.128
152 389 442.598
152 395 225.012
152 399 248.395
152 401 249.02
152 403 274.04
152 409 317.07
152 413 224.641
152 427 275.29
160 163 385.616
160 165 387.574
160 169 399.991
160 173 0.883883
160 178 25.8101
160 186 132.897
160 193 84.8176
160 195 71.248
160 200 388.824
160 211 89.0779
160 214 455.802
160 224 369.02
160 231 353.012
160 235 370.791
160 237 388.221
160 248 72.0484
160 262 424.384
160 267 454.344
160 272 114.506
160 277 66.1248
160 282 50.7415
160 288 27.7865
160 291 64.5235
160 293 63.3862
160 305 386.737
160 309 88.4529
160 310 87.9529
160 315 358.176
160 319 334.23
160 326 352.128
160 328 330.856
160 329 323.785
160 333 378.612
160 339 397.289
160 342 385.487
160 347 135.15
160 352 321.531
160 357 297.228
160 374 400.546
160 382 399.796
160 383 398.539
160 389 425.009
160 395 207.423
160 399 230.807
160 401 231.432
160 403 256.451
160 409 299.481
160 413 207.053
160 427 257.701
163 165 1.95774
163 169 14.375
163 173 384.733
163 178 359.806
163 186 252.72
163 193 305.296
163 195 318.866
163 200 3.20774
163 211 309.557
163 214 179.707
163 224 92.9249
163 231 32.6046
163 235 14.8258
163 237 5.3995
163 248 319.666
163 262 148.29
163 267 178.249
163 272 334.985
163 277 321.444
163 282 334.875
163 288 357.83
163 291 321.093
163 293 322.23
163 305 110.642
163 309 308.932
163 310 308.432
163 315 82.0809
163 319 58.1348
163 326 33.4885
163 328 54.7608
163 329 61.8319
163 333 102.517
163 339 121.195
163 342 109.392
163 347 250.466
163 352 64.0854
163 357 135.459
163 374 124.451
163 382 123.701
163 383 122.445
163 389 148.915
163 395 228.8
163 399 252.184
163 401 252.809
163 403 277.829
163 409 137.713
163 413 228.43
163 427 279.079
165 169 16.3327
165 173 386.69
165 178 361.764
165 186 254.678
165 193 307.254
165 195 320.824
165 200 1.25
165 211 311.514
165 214 181.665
165 224 94.8826
165 231 34.5624
165 235 16.7836
165 237 7.35723
165 248 321.624
165 262 150.247
165 267 180.207
165 272 336.942
165 277 323.402
165 282 336.833
165 288 359.788
165 291 323.051
165 293 324.188
165 305 112.6
165 309 310.889
165 310 310.389
165 315 84.0386
165 319 60.0925
165 326 35.4463
165 328 56.7186
165 329 63.7896
165 333 104.475
165 339 123.152
165 342 111.35
165 347 252.424
165 352 66.0431
165 357 137.417
165 374 126.409
165 382 125.659
165 383 124.402
165 389 150.872
165 395 230.758
165 399 254.142
165 401 254.767
165 403 279.786
165 409 139.671
165 413 230.388
165 427 281.036
169 173 399.108
169 178 374.181
169 186 267.095
169 193 319.671
169 195 333.241
169 200 17.5827
169 211 323.932
169 214 194.082
169 224 107.3
169 231 46.9796
169 235 29.2008
169 237 19.7745
169 248 334.041
169 262 162.665
169 267 192.624
169 272 349.36
169 277 335.819
169 282 349.25
169 288 372.205
169 291 335.468
169 293 336.605
169 305 125.017
169 309 323.307
169 310 322.807
169 315 96.4559
169 319 72.5098
169 326 47.8635
169 328 69.1358
169 329 76.2069
169 333 116.892
169 339 135.57
169 342 123.767
169 347 264.841
169 352 78.4604
169 357 149.834
169 374 138.826
169 382 138.076
169 383 136.82
169 389 163.29
169 395 243.175
169 399 266.559
169 401 267.184
169 403 292.204
169 409 152.088
169 413 242.805
169 427 293.454
173 178 24.9262
173 186 132.013
173 193 83.9337
173 195 70.3641
173 200 387.94
173 211 88.194
173 214 454.918
173 224 368.136
173 231 352.128
173 235 369.907
173 237 387.337
173 248 71.1645
173 262 423.501
173 267 453.46
173 272 113.622
173 277 65.2409
173 282 49.8576
173 288 26.9026
173 291 63.6397
173 293 62.5023
173 305 385.853
173 309 87.569
173 310 87.069
173 315 357.292
173 319 333.346
173 326 351.244
173 328 329.972
173 329 322.901
173 333 377.728
173 339 396.405
173 342 384.603
173 347 134.266
173 352 320.647
173 357 296.344
173 374 399.662
173 382 398.912
173 383 397.655
173 389 424.126
173 395 206.539
173 399 229.923
173 401 230.548
173 403 255.567
173 409 298.598
173 413 206.169
173 427 256.817
178 186 107.087
178 193 59.0075
178 195 45.4379
178 200 363.014
178 211 63.2678
178 214 429.992
178 224 343.21
178 231 327.202
178 235 344.981
178 237 362.411
178 248 46.2383
178 262 398.574
178 267 428.534
178 272 88.6958
178 277 40.3148
178 282 24.9314
178 288 1.97642
178 291 38.7135
178 293 37.5761
178 305 360.927
178 309 62.6428
178 310 62.1428
178 315 332.366
178 319 308.419
178 326 326.318
178 328 305.046
178 329 297.974
178 333 352.802
178 339 371.479
178 342 359.677
178 347 109.34
178 352 295.721
178 357 271.418
178 374 374.736
178 382 373.986
178 383 372.729
178 389 399.199
178 395 181.613
178 399 204.997
178 401 205.622
178 403 230.641
178 409 273.671
178 413 181.242
178 427 231.891
186 193 52.5764
186 195 66.146
186 200 255.928
186 211 56.8368
186 214 322.905
186 224 236.123
186 231 220.115
186 235 237.894
186 237 255.324
186 248 66.9464
186 262 291.488
186 267 321.448
186 272 82.2648
186 277 68.7244
186 282 82.1552
186 288 105.11
186 291 68.3731
186 293 69.5105
186 305 253.84
186 309 56.2118
186 310 55.7118
186 315 225.279
186 319 201.333
186 326 219.231
186 328 197.959
186 329 190.888
186 333 245.715
186 339 264.393
186 342 252.59
186 347 2.25347
186 352 188.634
186 357 164.331
186 374 267.649
186 382 266.899
186 383 265.643
186 389 292.113
186 395 74.5261
186 399 97.91
186 401 98.535
186 403 123.554
186 409 166.585
186 413 74.1559
186 427 124.804
193 195 13.5696
193 200 308.504
193 211 4.26035
193 214 375.482
193 224 288.699
193 231 272.692
193 235 290.47
193 237 307.901
193 248 14.37
193 262 344.064
193 267 374.024
193 272 29.6883
193 277 20.6453
193 282 34.0761
193 288 57.0311
193 291 20.294
193 293 21.4314
193 305 306.417
193 309 3.63535
193 310 3.13535
193 315 277.855
193 319 253.909
193 326 271.808
193 328 250.535
193 329 243.464
193 333 298.292
193 339 316.969
193 342 305.167
193 347 54.8299
193 352 241.211
193 357 216.908
193 374 320.225
193 382 319.475
193 383 318.219
193 389 344.689
193 395 127.103
193 399 150.486
193 401 151.111
193 403 176.131
193 409 219.161
193 413 126.732
193 427 177.381
195 200 322.074
195 211 17.8299
195 214 389.051
195 224 302.269
195 231 286.261
195 235 304.04
195 237 321.47
195 248 0.800391
195 262 357.634
195 267 387.594
195 272 43.2579
195 277 7.07572
195 282 20.5065
195 288 43.4615
195 291 6.72444
195 293 7.86181
195 305 319.986
195 309 17.2049
195 310 16.7049
195 315 291.425
195 319 267.479
195 326 285.377
195 328 264.105
195 329 257.034
195 333 311.861
195 339 330.539
195 342 318.736
195 347 68.3995
195 352 254.78
195 357 230.477
195 374 333.795
195 382 333.045
195 383 331.789
195 389 358.259
195 395 140.672
195 399 164.056
195 401 164.681
195 403 189.701
195 409 232.731
195 413 140.302
195 427 190.951
200 211 312.764
200 214 182.915
200 224 96.1326
200 231 35.8124
200 235 18.0336
200 237 8.60723
200 248 322.874
200 262 151.497
200 267 181.457
200 272 338.192
200 277 324.652
200 282 338.083
200 288 361.038
200 291 324.301
200 293 325.438
200 305 113.85
200 309 312.139
200 310 311.639
200 315 85.2886
200 319 61.3425
200 326 36.6963
200 328 57.9686
200 329 65.0396
200 333 105.725
200 339 124.402
200 342 112.6
200 347 253.674
200 352 67.2931
200 357 138.667
200 374 127.659
200 382 126.909
200 383 125.652
200 389 152.122
200 395 232.008
200 399 255.392
200 401 256.017
200 403 281.036
200 409 140.921
200 413 231.638
200 427 282.286
211 214 379.742
211 224 292.96
211 231 276.952
211 235 294.731
211 237 312.161
211 248 18.6303
211 262 348.325
211 267 378.284
211 272 29.1987
211 277 24.9057
211 282 38.3365
211 288 61.2914
211 291 24.5544
211 293 25.6918
211 305 310.677
211 309 0.625
211 310 1.125
211 315 282.116
211 319 258.17
211 326 276.068
211 328 254.796
211 329 247.725
211 333 302.552
211 339 321.23
211 342 309.427
211 347 59.0903
211 352 245.471
211 357 221.168
211 374 324.486
211 382 323.736
211 383 322.48
211 389 348.95
211 395 131.363
211 399 154.747
211 401 155.372
211 403 180.391
211 409 223.422
211 413 130.993
211 427 181.641
214 224 103.371
214 231 147.103
214 235 164.881
214 237 182.312
214 248 389.852
214 262 31.4175
214 267 1.45774
214 272 405.17
214 277 391.63
214 282 405.061
214 288 428.015
214 291 391.278
214 293 392.416
214 305 71.5649
214 309 379.117
214 310 378.617
214 315 97.6263
214 319 121.572
214 326 146.219
214 328 124.946
214 329 132.017
214 333 77.1899
214 339 58.5126
214 342 70.3149
214 347 320.652
214 352 134.271
214 357 205.645
214 374 55.2564
214 382 56.0064
214 383 57.2626
214 389 33.2925
214 395 298.986
214 399 322.37
214 401 322.995
214 403 348.014
214 409 207.898
214 413 298.615
214 427 349.264
224 231 60.3202
224 235 78.099
224 237 95.5293
224 248 303.069
224 262 71.9538
224 267 101.914
224 272 318.388
224 277 304.847
224 282 318.278
224 288 341.233
224 291 304.496
224 293 305.633
224 305 34.3065
224 309 292.335
224 310 291.835
224 315 10.844
224 319 34.7901
224 326 59.4363
224 328 38.164
224 329 45.2351
224 333 26.1815
224 339 44.8587
224 342 33.0565
224 347 233.87
224 352 47.4886
224 357 118.863
224 374 48.115
224 382 47.365
224 383 46.1087
224 389 72.5788
224 395 212.203
224 399 235.587
224 401 236.212
224 403 261.232
224 409 121.116
224 413 211.833
224 427 262.482
231 235 17.7788
231 237 35.2091
231 248 287.062
231 262 115.685
231 267 145.645
231 272 302.38
231 277 288.84
231 282 302.27
231 288 325.225
231 291 288.488
231 293 289.626
231 305 78.0377
231 309 276.327
231 310 275.827
231 315 49.4762
231 319 25.5301
231 326 0.883883
231 328 22.1562
231 329 29.2272
231 333 69.9127
231 339 88.59
231 342 76.7877
231 347 217.862
231 352 31.4807
231 357 102.855
231 374 91.8462
231 382 91.0962
231 383 89.84
231 389 116.31
231 395 196.196
231 399 219.579
231 401 220.204
231 403 245.224
231 409 105.108
231 413 195.825
231 427 246.474
235 237 17.4303
235 248 304.84
235 262 133.464
235 267 163.424
235 272 320.159
235 277 306.618
235 282 320.049
235 288 343.004
235 291 306.267
235 293 307.404
235 305 95.8165
235 309 294.106
235 310 293.606
235 315 67.255
235 319 43.3089
235 326 18.6627
235 328 39.935
235 329 47.0061
235 333 87.6915
235 339 106.369
235 342 94.5665
235 347 235.64
235 352 49.2595
235 357 120.634
235 374 109.625
235 382 108.875
235 383 107.619
235 389 134.089
235 395 213.974
235 399 237.358
235 401 237.983
235 403 263.003
235 409 122.887
235 413 213.604
235 427 264.253
237 248 322.271
237 262 150.894
237 267 180.854
237 272 337.589
237 277 324.049
237 282 337.479
237 288 360.434
237 291 323.697
237 293 324.835
237 305 113.247
237 309 311.536
237 310 311.036
237 315 84.6853
237 319 60.7392
237 326 36.0929
237 328 57.3652
237 329 64.4363
237 333 105.122
237 339 123.799
237 342 111.997
237 347 253.071
237 352 66.6898
237 357 138.064
237 374 127.055
237 382 126.305
237 383 125.049
237 389 151.519
237 395 231.405
237 399 254.788
237 401 255.413
237 403 280.433
237 409 140.317
237 413 231.034
237 427 281.683
248 262 358.434
248 267 388.394
248 272 44.0583
248 277 7.87611
248 282 21.3069
248 288 44.2619
248 291 7.52483
248 293 8.6622
248 305 320.787
248 309 18.0053
248 310 17.5053
248 315 292.225
248 319 268.279
248 326 286.178
248 328 264.905
248 329 257.834
248 333 312.662
248 339 331.339
248 342 319.537
248 347 69.1999
248 352 255.581
248 357 231.278
248 374 334.595
248 382 333.845
248 383 332.589
248 389 359.059
248 395 141.473
248 399 164.856
248 401 165.481
248 403 190.501
248 409 233.531
248 413 141.102
248 427 191.751
262 267 29.9598
262 272 373.753
262 277 360.212
262 282 373.643
262 288 396.598
262 291 359.861
262 293 360.998
262 305 40.1473
262 309 347.7
262 310 347.2
262 315 66.2088
262 319 90.1549
262 326 114.801
262 328 93.5288
262 329 100.6
262 333 45.7723
262 339 27.0951
262 342 38.8973
262 347 289.234
262 352 102.853
262 357 174.227
262 374 23.8388
262 382 24.5888
262 383 25.8451
262 389 1.875
262 395 267.568
262 399 290.952
262 401 291.577
262 403 316.597
262 409 176.481
262 413 267.198
262 427 317.847
267 272 403.712
267 277 390.172
267 282 403.603
267 288 426.558
267 291 389.821
267 293 390.958
267 305 70.1071
267 309 377.659
267 310 377.159
267 315 96.1686
267 319 120.115
267 326 144.761
267 328 123.489
267 329 130.56
267 333 75.7321
267 339 57.0549
267 342 68.8571
267 347 319.194
267 352 132.813
267 357 204.187
267 374 53.7986
267 382 54.5486
267 383 55.8049
267 389 31.8348
267 395 297.528
267 399 320.912
267 401 321.537
267 403 346.556
267 409 206.441
267 413 297.158
267 427 347.806
272 277 50.3336
272 282 63.7644
272 288 86.7194
272 291 49.9823
272 293 51.1197
272 305 336.105
272 309 28.5737
272 310 28.0737
272 315 307.544
272 319 283.598
272 326 301.496
272 328 280.224
272 329 273.153
272 333 327.98
272 339 346.657
272 342 334.855
272 347 84.5182
272 352 270.899
272 357 246.596
272 374 349.914
272 382 349.164
272 383 347.907
272 389 374.378
272 395 156.791
272 399 180.175
272 401 180.8
272 403 205.819
272 409 248.85
272 413 156.421
272 427 207.069
277 282 15.3834
277 288 38.3383
277 291 1.60128
277 293 2.73866
277 305 322.565
277 309 24.2807
277 310 23.7807
277 315 294.003
277 319 270.057
277 326 287.956
277 328 266.683
277 329 259.612
277 333 314.44
277 339 333.117
277 342 321.315
277 347 70.9779
277 352 257.359
277 357 233.056
277 374 336.373
277 382 335.623
277 383 334.367
277 389 360.837
277 395 143.25
277 399 166.634
277 401 167.259
277 403 192.279
277 409 235.309
277 413 142.88
277 427 193.529
282 288 22.955
282 291 13.7821
282 293 12.6447
282 305 335.996
282 309 37.7115
282 310 37.2115
282 315 307.434
282 319 283.488
282 326 301.386
282 328 280.114
282 329 273.043
282 333 327.871
282 339 346.548
282 342 334.746
282 347 84.4087
282 352 270.79
282 357 246.487
282 374 349.804
282 382 349.054
282 383 347.798
282 389 374.268
282 395 156.681
282 399 180.065
282 401 180.69
282 403 205.71
282 409 248.74
282 413 156.311
282 427 206.96
288 291 36.737
288 293 35.5997
288 305 358.951
288 309 60.6664
288 310 60.1664
288 315 330.389
288 319 306.443
288 326 324.341
288 328 303.069
288 329 295.998
288 333 350.826
288 339 369.503
288 342 357.701
288 347 107.364
288 352 293.745
288 357 269.441
288 374 372.759
288 382 372.009
288 383 370.753
288 389 397.223
288 395 179.636
288 399 203.02
288 401 203.645
288 403 228.665
288 409 271.695
288 413 179.266
288 427 229.915
291 293 1.13738
291 305 322.214
291 309 23.9294
291 310 23.4294
291 315 293.652
291 319 269.706
291 326 287.604
291 328 266.332
291 329 259.261
291 333 314.089
291 339 332.766
291 342 320.964
291 347 70.6266
291 352 257.008
291 357 232.704
291 374 336.022
291 382 335.272
291 383 334.016
291 389 360.486
291 395 142.899
291 399 166.283
291 401 166.908
291 403 191.928
291 409 234.958
291 413 142.529
291 427 193.178
293 305 323.351
293 309 25.0668
293 310 24.5668
293 315 294.789
293 319 270.843
293 326 288.742
293 328 267.469
293 329 260.398
293 333 315.226
293 339 333.903
293 342 322.101
293 347 71.764
293 352 258.145
293 357 233.842
293 374 337.159
293 382 336.409
293 383 335.153
293 389 361.623
293 395 144.037
293 399 167.42
293 401 168.045
293 403 193.065
293 409 236.095
293 413 143.666
293 427 194.315
305 309 310.052
305 310 309.552
305 315 28.5615
305 319 52.5075
305 326 77.1538
305 328 55.8815
305 329 62.9526
305 333 8.125
305 339 13.0523
305 342 1.25
305 347 251.587
305 352 65.206
305 357 136.58
305 374 16.3085
305 382 15.5585
305 383 14.3023
305 389 40.7723
305 395 229.921
305 399 253.305
305 401 253.93
305 403 278.949
305 409 138.834
305 413 229.551
305 427 280.199
309 310 0.5
309 315 281.491
309 319 257.545
309 326 275.443
309 328 254.171
309 329 247.1
309 333 301.927
309 339 320.605
309 342 308.802
309 347 58.4653
309 352 244.846
309 357 220.543
309 374 323.861
309 382 323.111
309 383 321.855
309 389 348.325
309 395 130.738
309 399 154.122
309 401 154.747
309 403 179.766
309 409 222.797
309 413 130.368
309 427 181.016
310 315 280.991
310 319 257.045
310 326 274.943
310 328 253.671
310 329 246.6
310 333 301.427
310 339 320.105
310 342 308.302
310 347 57.9653
310 352 244.346
310 357 220.043
310 374 323.361
310 382 322.611
310 383 321.355
310 389 347.825
310 395 130.238
310 399 153.622
310 401 154.247
310 403 179.266
310 409 222.297
310 413 129.868
310 427 180.516
315 319 23.9461
315 326 48.5923
315 328 27.32
315 329 34.3911
315 333 20.4365
315 339 39.1137
315 342 27.3115
315 347 223.026
315 352 36.6446
315 357 108.019
315 374 42.37
315 382 41.62
315 383 40.3637
315 389 66.8338
315 395 201.359
315 399 224.743
315 401 225.368
315 403 250.388
315 409 110.272
315 413 200.989
315 427 251.638
319 326 24.6463
319 328 3.37397
319 329 10.445
319 333 44.3825
319 339 63.0598
319 342 51.2575
319 347 199.079
319 352 12.6985
319 357 84.0725
319 374 66.316
319 382 65.566
319 383 64.3098
319 389 90.7799
319 395 177.413
319 399 200.797
319 401 201.422
319 403 226.442
319 409 86.326
319 413 177.043
319 427 227.692
326 328 21.2723
326 329 28.3434
326 333 69.0288
326 339 87.7061
326 342 75.9038
326 347 216.978
326 352 30.5968
326 357 101.971
326 374 90.9623
326 382 90.2123
326 383 88.9561
326 389 115.426
326 395 195.312
326 399 218.696
326 401 219.321
326 403 244.34
326 409 104.224
326 413 194.941
326 427 245.59
328 329 7.07107
328 333 47.7565
328 339 66.4338
328 342 54.6315
328 347 195.705
328 352 9.32454
328 357 80.6986
328 374 69.69
328 382 68.94
328 383 67.6838
328 389 94.1538
328 395 174.039
328 399 197.423
328 401 198.048
328 403 223.068
328 409 82.952
328 413 173.669
328 427 224.318
329 333 54.8276
329 339 73.5048
329 342 61.7026
329 347 188.634
329 352 2.25347
329 357 73.6275
329 374 76.7611
329 382 76.0111
329 383 74.7548
329 389 101.225
329 395 166.968
329 399 190.352
329 401 190.977
329 403 215.997
329 409 75.881
329 413 166.598
329 427 217.247
333 339 18.6773
333 342 6.875
333 347 243.462
333 352 57.081
333 357 128.455
333 374 21.9335
333 382 21.1835
333 383 19.9273
333 389 46.3973
333 395 221.796
333 399 245.18
333 401 245.805
333 403 270.824
333 409 130.709
333 413 221.426
333 427 272.074
339 342 11.8023
339 347 262.139
339 352 75.7583
339 357 147.132
339 374 3.25623
339 382 2.50623
339 383 1.25
339 389 27.7201
339 395 240.473
339 399 263.857
339 401 264.482
339 403 289.502
339 409 149.386
339 413 240.103
339 427 290.752
342 347 250.337
342 352 63.956
342 357 135.33
342 374 15.0585
342 382 14.3085
342 383 13.0523
342 389 39.5223
342 395 228.671
342 399 252.055
342 401 252.68
342 403 277.699
342 409 137.584
342 413 228.301
342 427 278.949
347 352 186.381
347 357 162.078
347 374 265.395
347 382 264.645
347 383 263.389
347 389 289.859
347 395 72.2726
347 399 95.6565
347 401 96.2815
347 403 121.301
347 409 164.331
347 413 71.9024
347 427 122.551
352 357 71.374
352 374 79.0146
352 382 78.2646
352 383 77.0083
352 389 103.478
352 395 164.715
352 399 188.099
352 401 188.724
352 403 213.743
352 409 73.6275
352 413 164.345
352 427 214.993
357 374 150.389
357 382 149.639
357 383 148.382
357 389 174.852
357 395 93.3408
357 399 116.725
357 401 117.35
357 403 142.369
357 409 2.25347
357 413 92.9706
357 427 143.619
374 382 0.75
374 383 2.00623
374 389 24.4638
374 395 243.729
374 399 267.113
374 401 267.738
374 403 292.758
374 409 152.642
374 413 243.359
374 427 294.008
382 383 1.25623
382 389 25.2138
382 395 242.979
382 399 266.363
382 401 266.988
382 403 292.008
382 409 151.892
382 413 242.609
382 427 293.258
383 389 26.4701
383 395 241.723
383 399 265.107
383 401 265.732
383 403 290.752
383 409 150.636
383 413 241.353
383 427 292.002
389 395 268.193
389 399 291.577
389 401 292.202
389 403 317.222
389 409 177.106
389 413 267.823
389 427 318.472
395 399 23.3839
395 401 24.0089
395 403 49.0284
395 409 95.5942
395 413 3.16531
395 427 50.2784
399 401 0.625
399 403 25.6445
399 409 118.978
399 413 26.5492
399 427 26.8945
401 403 25.0195
401 409 119.603
401 413 27.1742
401 427 26.2695
403 409 144.623
403 413 52.1937
403 427 1.25
409 413 95.224
409 427 145.873
413 427 53.4437
